0
1
2
3
4
5
6
7
8
9
11
12
13
14
15
16
17
18
19
20
21
22
23
24
25
26
27
28
29
30
31
32
33
35
36
37
38
39
40
41
42
43
44
45
46
48
49
50
52
53
54
55
56
57
58
59
61
62
64
65
66
67
68
69
70
74
75
76
79
82
83
84
85
86
87
88
89
90
91
92
93
94
95
96
97
99
101
103
104
105
106
109
112
113
114
115
116
117
119
120
121
122
123
124
126
127
128
129
131
132
133
134
139
141
142
143
145
147
149
150
151
152
154
155
156
157
159
163
164
165
166
168
170
171
172
175
176
177
178
179
181
184
187
192
194
197
199
201
202
203
204
206
207
208
212
215
217
218
219
220
222
223
224
226
227
228
230
232
233
235
236
237
239
240
242
247
249
250
251
252
254
257
258
259
260
261
267
268
270
271
272
274
275
276
278
279
280
281
283
284
288
290
291
294
295
296
298
299
301
302
305
307
308
309
311
312
316
317
318
321
322
324
326
327
328
329
330
331
332
333
334
337
339
340
341
342
343
345
346
349
350
351
353
354
355
356
359
360
364
366
368
369
371
372
374
375
377
381
382
384
385
387
391
392
393
395
396
398
399
400
402
403
405
406
407
408
409
410
412
413
414
415
417
418
420
421
422
423
426
427
428
429
430
433
434
435
436
437
439
440
441
447
448
449
450
451
452
453
454
455
456
457
459
460
462
464
466
469
470
471
473
474
475
476
477
478
481
482
483
485
486
490
491
492
493
494
495
496
498
499
500
501
502
504
506
507
508
510
512
513
514
515
516
517
518
520
521
522
523
524
527
529
530
531
532
535
536
537
539
540
541
542
544
545
546
547
548
553
554
555
556
557
558
559
560
562
564
565
566
571
572
573
574
575
576
577
578
579
580
581
582
586
588
589
591
592
596
597
598
600
601
602
603
604
605
606
609
610
611
612
614
615
616
617
618
619
622
623
624
625
627
628
629
630
632
633
634
635
636
637
639
641
642
643
646
649
650
653
654
655
656
658
660
661
662
663
664
666
667
668
669
670
671
672
673
674
675
676
677
678
680
681
682
683
684
685
686
688
689
692
695
696
699
700
701
703
704
705
706
708
709
710
711
712
715
716
717
718
719
721
722
723
725
727
728
729
731
732
733
735
736
738
739
740
742
743
744
746
750
751
754
755
757
758
759
760
761
762
766
767
768
770
771
773
774
779
781
788
792
794
796
798
800
808
809
810
811
814
815
817
818
820
823
826
828
829
830
833
835
836
838
841
844
845
847
848
849
850
853
855
856
859
860
861
863
864
866
868
869
872
875
876
877
878
879
880
881
882
883
886
888
889
891
892
895
896
898
902
907
908
910
911
912
913
914
919
926
927
928
929
930
931
932
934
936
939
940
944
945
950
951
952
953
956
957
959
960
962
963
964
965
968
969
970
971
972
974
975
976
977
979
980
981
985
986
987
988
991
992
993
994
996
997
998
999
1000
1002
1003
1006
1008
1010
1011
1012
1014
1015
1016
1018
1019
1020
1026
1028
1029
1031
1032
1035
1036
1037
1038
1039
1040
1041
1043
1044
1045
1046
1047
1048
1050
1054
1055
1058
1059
1060
1066
1067
1068
1069
1072
1073
1074
1075
1076
1081
1082
1083
1084
1085
1086
1087
1088
1089
1090
1091
1092
1093
1094
1095
1096
1097
1099
1100
1101
1102
1104
1105
1106
1107
1110
1111
1112
1113
1114
1115
1116
1117
1118
1119
1120
1121
1122
1123
1124
1127
1128
1129
1130
1131
1132
1133
1134
1135
1136
1138
1139
1140
1141
1142
1143
1144
1145
1146
1147
1148
1149
1151
1152
1153
1154
1155
1156
1157
1158
1159
1160
1162
1163
1164
1165
1166
1167
1168
1169
1170
1171
1172
1173
1174
1175
1176
1177
1178
1179
1180
1181
1183
1184
1185
1186
1188
1189
1190
1191
1192
1193
1194
1195
1196
1197
1198
1199
1200
1201
1202
1203
1204
1206
1207
1208
1209
1210
1211
1212
1213
1214
1215
1216
1218
1219
1220
1221
1222
1223
1224
1225
1226
1227
1228
1229
1231
1232
1233
1234
1235
1236
1237
1238
1239
1240
1241
1242
1243
1244
1245
1246
1247
1248
1249
1250
1251
1252
1253
1254
1255
1256
1260
1262
1263
1264
1265
1266
1267
1268
1269
1270
1271
1272
1273
1274
1275
1276
1277
1279
1281
1282
1283
1284
1285
1287
1288
1289
1290
1291
1293
1294
1298
1299
1300
1301
1302
1303
1307
1308
1309
1310
1311
1312
1313
1314
1316
1317
1318
1319
1321
1322
1323
1324
1325
1326
1327
1328
1329
1330
1331
1332
1333
1334
1335
1336
1340
1341
1342
1343
1344
1346
1347
1348
1349
1350
1351
1352
1353
1355
1356
1358
1359
1362
1363
1364
1365
1368
1369
1370
1372
1373
1374
1375
1377
1378
1379
1380
1382
1384
1385
1386
1387
1388
1389
1390
1391
1392
1393
1395
1396
1397
1398
1399
1400
1401
1402
1403
1404
1405
1406
1407
1408
1409
1410
1412
1413
1414
1415
1416
1417
1420
1421
1422
1423
1424
1425
1426
1427
1428
1429
1430
1431
1432
1433
1434
1435
1436
1437
1438
1441
1442
1444
1446
1450
1451
1452
1455
1456
1457
1458
1459
1460
1461
1462
1463
1464
1465
1466
1467
1468
1469
1470
1471
1472
1473
1474
1475
1476
1477
1478
1479
1480
1481
1482
1483
1484
1485
1486
1487
1488
1489
1492
1493
1494
1495
1496
1497
1498
1499
1501
1504
1505
1506
1507
1508
1509
1510
1511
1512
1513
1514
1515
1517
1518
1519
1520
1521
1522
1523
1524
1525
1526
1527
1528
1531
1532
1533
1534
1535
1536
1537
1538
1539
1540
1541
1542
1544
1546
1547
1548
1549
1551
1552
1553
1554
1555
1556
1557
1559
1561
1562
1564
1565
1566
1567
1568
1569
1570
1571
1572
1573
1574
1576
1577
1578
1579
1580
1581
1582
1583
1584
1585
1589
1591
1594
1596
1598
1600
1601
1603
1605
1606
1608
1610
1612
1613
1614
1616
1619
1620
1621
1622
1623
1624
1625
1626
1628
1630
1632
1633
1634
1637
1642
1643
1646
1647
1648
1649
1650
1651
1652
1655
1656
1657
1658
1659
1660
1662
1663
1666
1668
1669
1670
1672
1673
1675
1676
1677
1681
1683
1684
1685
1688
1689
1690
1691
1693
1694
1696
1697
1698
1702
1705
1708
1709
1710
1711
